1  38 39 69 71 73 74
2  60 80
3  15 42 43 63 71
4  5 6 13 84
5  4 6 26 38
6  4 5 83
7  26 30 38 43 48
8  2 51 55
9  11 31 66
10 21 51 52 89
11 9 31 34 66
12 15 30 34 46 48 81
13 4 30 83 84
14 27 50 61
15 3 12 43 63
16 17 24 79 86
17 16 24 79 85
18 28 36 41 45 58
19 23 24 46 87
21 10 39 58 70 71 89
22 29 35 56
23 19 63 87
24 16 17 19 33 46 47
25 39 70 90
26 5 7 38 84
27 14 28 60 61 76
28 18 27 41 45
29 22 56
30 7 12 13 34 48
31 9 11 32 65 81 82
32 31 40 47 65
33 24 40 47
34 11 12 30
35 22 44 49 50 53 56
36 18 37 41
37 36 41 49
38 1 5 7 26 69 73
39 1 21 25 71
40 32 33 47 64
41 18 28 36 37 45
42 3 43 63 69
43 3 7 15 42
44 35 49 56 85
45 18 28 41 58 77 89
46 12 19 24 47 82
47 24 32 33 40 46 82
48 7 12 15 30
49 35 37 44 53 72
50 14 35 53
51 8 10 52 55
52 10 51 55 88
53 35 49 50 61
54 55 57 88
55 8 51 52
56 22 29 35 44
57 54 67 88
58 18 21 45 71 89
59 2 62 80
60 2 27 76 80
61 14 27 53 72
62 59 80
63 3 15 23 42 43
64 40 65
65 31 32 64
66 9 11
67 57 68 88
68 67 88 90
69 1 38 42 71
70 21 25 90
71 1 3 21 39 58 69
72 49 61
73 1 38 74
74 1 73
75 77 92 93 94
76 27 60 80
77 45 75 89 91 94
78 91 92 95
79 16 17 85 86
80 2 59 60 62
81 12 31 82
82 31 46 47 81
83 6 13 84
84 4 13 26 83
85 17 44 79
86 16 79 87
87 19 23 86
88 52 54 57 67 68 90
89 10 21 45 58 77
90 25 68 70 88
91 77 78 92 94
92 75 78 91 93
93 75 92 94
94 75 77 91 93
95 78
971
972
973
974
976
