1  9 10 24 42
2
3  5 6 28 31 44
4  18 24 25 36 42 43
5  3 28 37
6  3 16 27 31 36 44 50
7  21 32 39
8  20 30 38
9  1 10
10 1 9 33 40 42
11
12 26 28 37 44 47 50
13 15 14 17 25 48
14 13 17 22 35
15 13 23 25 27 41 48
16 6 25 27 36
17 13 14 25 35 42 46 49
18 4 24 43
19 29
20 8 38 46 49
21 7 29 32 39 45
22 14 35 48
23 15 34 41 48
24 1 4 18 42
25 4 15 13 16 17 27 36 42
26 12 34 41 50
27 6 15 16 25 41 50
28 3 5 12 37 44
29 19 21 45
30 8 32 38
31 3 6 36 43 44
32 7 21 30 38 45
33 10 40 42 46
34 23 26 41
35 14 17 22 38 49
36 4 6 16 25 31 43
37 5 12 28 47
38 8 20 30 32 35 49
39 7 21
40 10 33
41 15 23 26 27 34 50
42 1 4 10 17 24 25 33 46
43 4 18 31 36
44 3 6 12 28 31 50
45 21 29 32
46 17 20 33 42 49
47 12 37
48 13 15 22 23
49 17 20 35 38 46
50 6 12 26 27 41 44
